positionx,positiony,positionz,velocityx,velocityy,velocityz
-98646.4311636999,1664.4292512186512,9000.0,10.61780599695885,110.8825798729226,0.6942525143759746
-98645.58173922014,1673.299857608485,9000.05554020115,10.61780599695885,110.8825798729226,0.6942525143759746
-98644.73231474038,1682.1704639983186,9000.111080402301,11.589258785819073,111.08341971603325,0.8542525143759746
-98643.80517403751,1691.0571375756012,9000.179420603452,12.713562340072905,111.30768738667142,1.1564330171527133
-98642.7880890503,1699.9617525665349,9000.271935244824,13.667644168980857,111.23977464909595,1.6002333764332823
-98641.69467751679,1708.8609345384625,9000.399953914939,15.777981446316772,111.56984344631377,2.0577912558145863
-98640.43243900109,1717.7865220141675,9000.564577215404,17.616201358116534,112.16753663204193,2.431834471023787
-98639.02314289245,1726.759924944731,9000.759123973086,19.57682662502608,112.52794954511621,2.659977241434395
-98637.45699676244,1735.7621609083403,9000.971922152401,21.470220056535638,112.47769696987153,3.036683878285994
-98635.73937915792,1744.7603766659302,9001.214856862664,21.76138526226309,112.38026357173317,3.392518898205976
-98633.99846833694,1753.7507977516689,9001.48625837452,23.37572291687624,111.87796491563388,3.836935314960019
-98632.12841050359,1762.7010349449197,9001.793213199717,25.405257526828358,111.65610043777728,4.226863343450233
-98630.09598990144,1771.633522979942,9002.131362267193,25.992037361395123,111.44419728980996,4.765934004306122
-98628.01662691253,1780.5490587631268,9002.512636987538,27.745356265340874,110.71445971834645,5.454644372155562
-98625.7969984113,1789.4062155405945,9002.94900853731,27.837896137663282,110.6928967889406,6.193263220511885
-98623.56996672029,1798.2616472837099,9003.444469594951,28.774126224404814,110.5265501490938,7.0800234888327065
-98621.26803662234,1807.1037712956374,9004.010871474058,28.837400845456223,110.53459479843684,7.9974024605809255
-98618.9610445547,1815.9465388795124,9004.650663670905,28.941827850895415,110.58204634754942,8.86288435753277
-98616.64569832663,1824.7931025873163,9005.359694419509,30.64677645551839,111.86868404924839,9.645415123771466
-98614.19395621019,1833.742597311256,9006.131327629411,30.967570932964453,112.1556695338741,10.353197285317156
-98611.71655053555,1842.715050873966,9006.959583412237,31.051096113748816,112.21798825048104,11.07719008103638
-98609.23246284646,1851.6924899340045,9007.84575861872,31.836616521726476,112.95432865581479,11.710078801925077
-98606.68553352472,1860.7288362264696,9008.782564922874,32.18942773707125,113.3029477935338,12.458522926803703
-98604.11037930576,1869.7930720499523,9009.779246757018,33.337093084361534,115.06917760327252,13.161298035557998
-98601.443411859,1878.998606258214,9010.832150599863,33.949941892866036,116.10131211020342,13.809267713750387
-98598.72741650757,1888.2867112270303,9011.936892016964,34.78831266639009,117.31379508675049,14.614267007706468
-98595.94435149425,1897.6718148339703,9013.10603337758,34.88119552956679,117.49907530515672,15.313570127056604
-98593.1538558519,1907.0717408583828,9014.331118987744,34.90148673396192,117.55465826105066,16.08382540252743
-98590.36173691318,1916.4761135192668,9015.617825019946,34.93670442041364,117.61088912103081,16.831763190582706
-98587.56680055955,1925.8849846489493,9016.964366075194,35.04737962925402,117.84653976245781,17.464447078429608
-98584.76301018921,1935.312707829946,9018.361521841467,35.62536702065736,119.69338816086531,18.051132441185775
-98581.91298082756,1944.8881788828153,9019.805612436761,36.152465350688395,120.59837238623057,18.62333563537038
-98579.02078359951,1954.5360486737138,9021.295479287592,37.18331181358184,121.9588873671279,19.33846700624175
-98576.04611865443,1964.292759663084,9022.842556648091,37.599046701262345,122.27804032619508,19.90393546771153
-98573.03819491832,1974.0750028891798,9024.434871485508,38.976826498525746,122.95828403521975,20.383933678791106
-98569.92004879843,1983.9116656119975,9026.065586179811,40.77415381700623,124.26811642754696,20.717609916225758
-98566.65811649307,1993.8531149262012,9027.72299497311,40.826605853454346,124.32138590915694,20.938343021208023
-98563.39198802478,2003.7988257989339,9029.398062414806,41.172340419962126,124.65299559302922,21.111314522239486
-98560.09820079118,2013.7710654463763,9031.086967576586,42.23617405656647,125.91452888820241,21.191983586593565
-98556.71930686665,2023.8442277574325,9032.782326263514,42.96426330793406,127.3556720125258,21.19610381325103
-98553.28216580201,2034.0326815184346,9034.478014568575,43.65762946657573,128.13940819205533,21.301850300260373
-98549.78955544469,2044.283834173799,9036.182162592595,43.816729924100336,128.37560310439898,21.495758191438345
-98546.28421705076,2054.5538824221508,9037.90182324791,44.65305746885296,129.29593777565844,21.690538155173638
-98542.71197245325,2064.8975574442034,9039.637066300324,45.264735235896296,130.0577894738827,21.772721587209958
-98539.09079363439,2075.302180602114,9041.378884027301,46.349747310760876,131.53618189840898,21.898250851507193
-98535.38281384953,2085.8250751539867,9043.130744095422,48.055788740418635,132.92062781674036,22.033259135964638
-98531.5383507503,2096.458725379326,9044.8934048263,50.038349125935824,134.21521323673667,22.047972045468164
-98527.53528282023,2107.195942438265,9046.657242589938,52.09869756886927,135.12480702968196,22.10929508824953
-98523.36738701472,2118.0059270006395,9048.425986196997,53.68880135813074,136.39566438176524,22.244841018458043
-98519.07228290607,2128.9175801511806,9050.205573478474,53.94262033518063,136.69506693317348,22.322993901398753
-98514.75687327926,2139.8531855058345,9051.991412990585,54.012041843732774,136.76990707997766,22.470459265129882
-98510.43590993175,2150.794778072233,9053.789049731795,55.727107931262886,137.77605906619002,22.703834715602213
-98505.97774129725,2161.8168627975283,9055.605356509042,57.7285988058852,138.75996289103944,23.024249618950588
-98501.35945339278,2172.9176598288113,9057.447296478558,59.863821622262506,139.24206353184792,23.328256948651156
-98496.570347663,2184.0570249113593,9059.313557034451,61.48628794882654,139.62405312010063,23.573262124278667
-98491.65144462709,2195.2269491609673,9061.199418004393,63.56614848276758,140.35287341427576,23.839285909753645
-98486.56615274846,2206.4551790341093,9063.106560877173,65.40235195453631,141.51654504882043,24.220585434091088
-98481.3339645921,2217.776502638015,9065.0442077119,66.38801857780392,141.92310181652653,24.513870663115114
-98476.02292310586,2229.130350783337,9067.00531736495,66.83758522021395,142.22698099078698,24.669303056072643
-98470.67591628825,2240.5085092625995,9068.978861609436,67.8010453741179,142.82251687054966,24.847055314538252
-98465.25183265832,2251.9343106122437,9070.966626034598,68.92716708541145,143.18216249379253,24.991037859085885
-98459.7376592915,2263.388883611747,9072.965909063325,69.60138281690337,143.19176278600364,25.19079419549007
-98454.16954866615,2274.8442246346276,9074.981172598964,70.56531450802323,142.99718516353107,25.251903958954774
-98448.52432350551,2286.28399944771,9077.00132491568,72.70922153381227,143.07108093069925,25.406991592335384
-98442.7075857828,2297.729685922166,9079.033884243066,72.73892795348893,143.07668530115973,25.485832636262636
-98436.88847154652,2309.175820746259,9081.072750853968,72.75568044065486,143.08120291198105,25.653847437395193
-98431.06801711128,2320.6223169792174,9083.125058648959,73.58574238899183,143.23538567949916,25.881485068794962
-98425.18115772016,2332.0811478335772,9085.195577454462,74.83649798941867,143.1440771280349,25.983752812174263
-98419.194237881,2343.53267400382,9087.274277679437,75.32100931466303,143.17552142617296,26.062419636701367
-98413.16855713584,2354.9867157179137,9089.359271250372,75.33543634078572,143.17552060014197,26.299255638308875
-98407.14172222858,2366.440757365925,9091.463211701437,76.12240694695724,143.3204469863655,26.657626514865004
-98401.05192967283,2377.9063931248343,9093.595821822626,77.06579385010919,143.4182619478308,26.877143141507062
-98394.88666616482,2389.3798540806606,9095.745993273946,78.06252995895817,143.73826646088727,26.994533487567093
-98388.64166376811,2400.8789153975317,9097.905555952952,78.11644395449515,143.77407645493017,27.10272668052361
-98382.39234825176,2412.380841513926,9100.073774087394,78.74973525458533,144.56931652561119,27.12303780938788
-98376.0923694314,2423.946386835975,9102.243617112144,78.84401012673004,144.6810885735741,27.17716520656433
-98369.78484862126,2435.5208739218606,9104.417790328669,80.06338319399309,145.89227145335474,27.311342345141785
-98363.37977796575,2447.192255638129,9106.60269771628,81.62215658952647,147.0551979020073,27.349653353357706
-98356.85000543858,2458.9566714702896,9108.790669984548,82.67836854821589,147.67908363388395,27.384087572634492
-98350.23573595472,2470.7709981610005,9110.981396990359,82.90610437654833,147.735069355578,27.491439834769615
-98343.6032476046,2482.5898037094466,9113.18071217714,83.14846517675198,147.72630089590382,27.50716183807811
-98336.95137039045,2494.407907781119,9115.381285124186,85.10815864761435,148.10019029905922,27.643696382262164
-98330.14271769865,2506.2559230050438,9117.592780834766,85.35294251969059,148.17361180265195,27.71633004987051
-98323.31448229708,2518.109811949256,9119.810087238755,86.88605568653011,148.25107957915682,27.768400814127414
-98316.36359784215,2529.969898315588,9122.031559303885,87.56075631573435,148.28047154365123,27.904953475047332
-98309.3587373369,2541.83233603908,9124.26395558189,89.17534781977277,148.20569978645779,28.031459578890317
-98302.22470951131,2553.6887920219965,9126.506472348201,91.06688671053519,147.8892238101255,28.18115615119251
-98294.93935857447,2565.5199299268065,9128.760964840296,92.17250071597945,147.31809001472678,28.402295406863566
-98287.56555851719,2577.3053771279847,9131.033148472845,92.31220806566924,147.2000900137225,28.6943402548584
-98280.18058187194,2589.0813843290825,9133.328695693233,92.31942667144067,147.19569375158824,29.090381094539552
-98272.79502773823,2600.8570398292095,9135.655926180796,92.42872971164255,147.0907881041297,29.598234296945186
-98265.4007293613,2612.62430287754,9138.023784924551,92.50596509770111,146.9701577527533,30.221885534914847
-98258.00025215348,2624.38191549776,9140.441535767344,93.2753751407789,145.75502783450375,30.83202840518284
-98250.53822214222,2636.04231772452,9142.90809803976,93.6222997207154,145.30261130061865,31.51060634388722
-98243.04843816457,2647.6665266285695,9145.42894654727,94.08026922902425,144.4415235306017,32.075778638678614
-98235.52201662624,2659.2218485110175,9147.995008838365,94.82288639606573,142.66411151808788,32.79080693359421
-98227.93618571456,2670.6349774324644,9150.618273393053,95.58333736922981,141.76143557646276,33.49832308633747
-98220.28951872501,2681.9758922785813,9153.29813923996,96.79430768570094,140.22474461134374,34.22254759397252
-98212.54597411015,2693.193871847489,9156.035943047478,97.56627117416649,138.68870279260008,34.965724649614664
-98204.74067241621,2704.2889680708968,9158.833201019448,97.93092009856616,137.29410304423374,35.59367679867934
-98196.90619880833,2715.2724963144356,9161.680695163343,97.9220427483161,136.23074419555977,36.35900163874248
-98189.07243538846,2726.17095585008,9164.589415294442,97.81002198518568,135.4078640392785,36.98015954417203
-98181.24763362964,2737.0035849732226,9167.547828057975,97.61857518409417,134.27976671799289,37.68946305961474
-98173.43814761491,2747.745966310662,9170.562985102744,96.80890688587853,132.35655799010297,38.43303752524672
-98165.69343506404,2758.33449094987,9173.637628104763,95.94033990574154,130.35404924367495,39.110819127331325
-98158.01820787157,2768.762814889364,9176.76649363495,95.84461307488037,129.96900959105102,39.88752874562079
-98150.35063882558,2779.1603356566484,9179.9574959346,95.82977811674942,129.9438083910607,40.63017211476284
-98142.68425657623,2789.5558403279333,9183.20790970378,95.01242082316674,128.7354075226313,41.3935700291899
-98135.08326291038,2799.8546729297436,9186.519395306115,94.71716150456578,128.1130445704663,42.037093053714635
-98127.50588999002,2810.103716495381,9189.882362750412,93.8311655667957,126.34905401086708,42.82367120918374
-98119.99939674468,2820.21164081625,9193.308256447146,93.56030023510051,125.18202779583036,43.679513389230216
-98112.51457272586,2830.2262030399165,9196.802617518284,93.51956217359321,125.09619484947235,44.62401802131759
-98105.03300775198,2840.233898627874,9200.37253895999,93.16059898060857,124.52769890073833,45.69990679620214
-98097.58015983352,2850.196114539933,9204.028531503685,92.89687558590371,124.00608930807364,46.864433666728885
-98090.14840978665,2860.116601684579,9207.777686197023,92.42060384372449,123.21803106903279,47.97181776250731
-98082.75476147915,2869.974044170102,9211.615431618024,92.40467762341815,123.16209515605337,49.03280649002853
-98075.36238726928,2879.8270117825864,9215.538056137226,92.11142811855719,122.71879906400217,49.952161348419445
-98067.9934730198,2889.6445157077064,9219.534229045099,92.01615552959207,122.57427857579322,50.717364282253705
-98060.63218057744,2899.4504579937698,9223.59161818768,91.79169222960557,121.8938549825476,51.56908681939325
-98053.28884519907,2909.2019663923734,9227.717145133232,91.43584973710342,120.72718011165034,52.35483548410584
-98045.9739772201,2918.8601408013055,9231.905531971961,90.8059302898453,119.10360077307115,53.08280227354689
-98038.7095027969,2928.388428863151,9236.152156153845,90.77642928327212,119.0487871217713,53.743370765314474
-98031.44738845424,2937.912331832893,9240.45162581507,89.98247381711946,117.3524989608281,54.44347809536924
-98024.24879054887,2947.300531749759,9244.8071040627,88.92526837913952,115.52414397996792,55.0205293519652
-98017.13476907853,2956.5424632681566,9249.208746410857,88.43321262520041,114.86090838660375,55.57462655974103
-98010.06011206852,2965.731335939085,9253.654716535637,87.90017889156576,113.58749275508013,56.28705794534175
-98003.0280977572,2974.8183353594914,9258.157681171264,87.86222890534181,113.3950378333535,57.04325624873323
-97995.99911944476,2983.8899383861594,9262.721141671163,87.85084879206049,113.25027168182483,57.720322221075186
-97988.9710515414,2992.9499601207053,9267.33876744885,87.49666603062029,111.63395323950172,58.440924304938676
-97981.97131825895,3001.8806763798657,9272.014041393244,87.4742526537517,110.30017547367497,59.20618471377371
-97974.97337804665,3010.7046904177596,9276.750536170346,87.45082906222957,110.19408741392506,60.02257502115868
-97967.97731172167,3019.5202174108736,9281.552342172039,87.06525811134276,109.36405734334127,60.735313591569195
-97961.01209107276,3028.2693419983407,9286.411167259364,87.0539814496096,109.34826396517553,61.41053437863347
-97954.04777255679,3037.017203115555,9291.324010009655,85.86057432949737,107.66474984289715,62.081511600017976
-97947.17892661043,3045.630383102987,9296.290530937657,85.817040944758,107.60141774796908,62.83961811118344
-97940.31356333486,3054.2384965228243,9301.317700386551,85.3210697761626,106.59391350868034,63.6370157164144
-97933.48787775276,3062.766009603519,9306.408661643864,84.40651960417202,104.92233838260461,64.33526820114565
-97926.73535618444,3071.1597966741274,9311.555483099955,83.82586836858763,103.89886921767138,65.02245974893813
-97920.02928671495,3079.471706211541,9316.75727987987,82.61934791648547,102.22682892365061,65.60853387987592
-97913.41973888164,3087.649852525433,9322.00596259026,82.28148840661648,101.60862977572346,66.30510828393534
-97906.83721980911,3095.7785429074906,9327.310371252974,81.75182935166795,100.3469149608734,67.0754463497806
-97900.29707346097,3103.8062961043606,9332.676406960956,81.52382667623544,99.25628239825214,67.95156021032017
-97893.77516732686,3111.7467986962206,9338.112531777782,80.96303035733935,97.94779225487946,68.7278219114796
-97887.29812489828,3119.5826220766107,9343.610757530701,80.60404826093149,96.90762079286813,69.35853556319022
-97880.8498010374,3127.3352317400404,9349.159440375757,80.39622692363078,96.41323983933506,70.0876358439143
-97874.41810288352,3135.0482909271873,9354.766451243271,80.38605084763782,96.38782443697191,70.79898491304587
-97867.9872188157,3142.759316882145,9360.430370036314,80.0715349762805,94.24967727140573,71.49187327497529
-97861.5814960176,3150.2992910638573,9366.149719898312,79.89194960706139,93.75351976272327,72.20940639531531
-97855.19014004905,3157.7995726448753,9371.926472409938,79.7806952695968,93.57158708649308,72.90451206556959
-97848.80768442748,3165.285299611795,9377.758833375183,79.74681448509733,93.48654518932557,73.52454395000107
-97842.42793926867,3172.764223226941,9383.640796891183,78.50898567205932,91.96602482905995,74.24464213049734
-97836.1472204149,3180.1215052132657,9389.580368261622,77.83304689607749,91.10945850721757,75.09021197267823
-97829.92057666322,3187.410261893843,9395.587585219437,77.77333415471188,90.9823626721751,76.08958769316463
-97823.69870993085,3194.688850907617,9401.67475223489,77.3705500902584,88.80836970252318,76.98908098716018
-97817.50906592363,3201.793520483819,9407.833878713864,77.13256166139581,88.02824066798986,77.8312769689141
-97811.33846099072,3208.8357797372582,9414.060380871377,76.26649995310333,86.33423942721326,78.62833397769089
-97805.23714099448,3215.7425188914353,9420.350647589592,75.9575870954802,85.78955297299032,79.42513728561653
-97799.16053402684,3222.6056831292744,9426.704658572442,74.85152371748133,84.52015549661508,80.24513647657308
-97793.17241212944,3229.3672955690035,9433.124269490569,74.27422393259678,83.48965866833484,80.94349417764137
-97787.23047421483,3236.04646826247,9439.59974902478,73.55900118117663,82.57891329623907,81.579548510903
-97781.34575412034,3242.652781326169,9446.126112905651,73.3821785842618,82.25972909939235,82.27540732554098
-97775.4751798336,3249.2335596541207,9452.708145491695,72.45050620448511,81.15645695092387,83.04833869197152
-97769.67913933724,3255.7260762101946,9459.352012587053,72.10747951056327,80.75363257398675,83.80477651071314
-97763.9105409764,3262.1863668161136,9466.05639470791,71.31557746524902,79.25032301590733,84.60794640417365
-97758.20529477918,3268.526392657386,9472.825030420245,70.27761309588175,77.83221345158776,85.28382089323917
-97752.58308573152,3274.752969733513,9479.647736091703,69.07031771144486,76.16276183775916,86.05480336599459
-97747.0574603146,3280.8459906805338,9486.532120360984,68.56208284154498,74.65966309542118,86.95665529284003
-97741.57249368727,3286.8187637281676,9493.48865278441,67.9381993286292,73.76290691809525,87.94913510344426
-97736.13743774098,3292.7197962816153,9500.524583592685,67.53172001094943,72.69584273922771,88.85197043453668
-97730.7349001401,3298.5354637007536,9507.632741227448,66.76475546090019,71.20021162937934,89.82141524007031
-97725.39371970324,3304.2314806311038,9514.818454446653,66.3657049121057,70.60347053732238,90.72530661774205
-97720.08446331027,3309.8797582740895,9522.076478976072,65.24887184755312,69.32212193767614,91.66780100679021
-97714.86455356247,3315.4255280291036,9529.409903056616,64.41398617163308,68.32214196616015,92.6392313240222
-97709.71143466873,3320.8912993863964,9536.821041562538,64.27409859540252,68.13660772840181,93.5027059646234
-97704.5695067811,3326.3422280046684,9544.301258039708,63.71124880862021,67.21779139681855,94.47174903236103
-97699.47260687641,3331.719651316414,9551.858997962298,62.948123829237005,65.75623445952995,95.33519882746901
-97694.43675697007,3336.9801500731764,9559.485813868496,62.281988493259284,64.96828541030368,96.27033651461335
-97689.4541978906,3342.177612906001,9567.187440789665,61.2914842021076,63.53344793589105,97.31202557877327
-97684.55087915444,3347.260288740872,9574.972402835967,61.25577375948663,63.43079507467768,98.34767973586943
-97679.65041725368,3352.3347523468465,9582.840217214836,61.135498927945825,62.58360154409023,99.50866437961058
-97674.75957733944,3357.3414404703735,9590.800910365206,60.7573902658779,61.36237668956529,100.5562940616208
-97669.89898611818,3362.250430605539,9598.845413890136,60.727340844499786,61.31289897694843,101.56910858036872
-97665.04079885062,3367.155462523695,9606.970942576565,60.634357074221995,60.94089018254061,102.53134115788389
-97660.19005028468,3372.0307337382983,9615.173449869195,60.56016231299169,59.15553734494321,103.55336397510963
-97655.34523729964,3376.7631767258936,9623.457718987203,60.61631533036459,58.00929341640756,104.48236690397393
-97650.49593207322,3381.4039201992064,9631.816308339521,60.46614124166469,57.21996787394191,105.57065939871823
-97645.65864077388,3385.9815176291218,9640.261961091419,60.464483596325294,57.128102181925456,106.75538550404674
-97640.82148208618,3390.5517658036756,9648.802391931742,60.63066046947397,55.349357181642745,107.94205378283581
-97635.97102924861,3394.979714378207,9657.437756234369,60.642489018537866,53.50359019361764,109.11297318352106
-97631.11963012713,3399.2600015936964,9666.166794089051,60.596619723211255,51.49403019947701,110.37677907829845
-97626.27190054927,3403.3795240096547,9674.996936415315,60.80285997389598,50.606993670118,111.69364150233085
-97621.40767175135,3407.428083503264,9683.9324277355,60.80852592103401,50.31818524780901,113.14006648239688
-97616.54298967768,3411.4535383230887,9692.983633054093,60.772635833437455,49.9561927008271,114.5361570841942
-97611.681178811,3415.4500337391546,9702.146525620828,60.71002023158876,48.3893415907629,115.86498358770451
-97606.82437719248,3419.3211810664156,9711.415724307844,60.58643750456394,47.88302378208678,117.22778230134838
-97601.97746219211,3423.1518229689827,9720.793946891952,59.41927565609477,45.965656289940185,118.4365536853648
-97597.22392013962,3426.829075472178,9730.268871186781,58.81942363648466,43.67765439716644,119.69264105052144
-97592.5183662487,3430.3232878239514,9739.844282470824,58.49007970781578,41.83011653098144,120.85064768997194
-97587.83915987208,3433.66969714643,9749.51233428602,58.283097038205185,40.84791396725307,121.8920184778901
-97583.17651210901,3436.93753026381,9759.263695764252,58.23491658029111,40.186630633117446,122.92558396255077
-97578.51771878259,3440.1524607144593,9769.097742481255,57.71299652487939,38.179193695064335,124.00427202324414
-97573.90067906059,3443.2067962100646,9779.018084243115,57.67636512303291,36.03159455924733,125.20279704128123
-97569.28656985075,3446.089323774804,9789.034308006418,57.38423724523177,34.94317968033062,126.48609231806448
-97564.69583087113,3448.8847781492304,9799.153195391862,57.389568801744886,34.526026385657566,127.79689772558201
-97560.10466536699,3451.646860260083,9809.376947209908,56.75186692334948,32.38880388386268,129.1152897203883
-97555.56451601312,3454.237964570792,9819.706170387539,56.74388706867794,29.97033886279802,130.50204726246707
-97551.02500504763,3456.6355916798157,9830.146334168536,56.75995196938114,29.15806749522788,131.82641976738097
-97546.48420889008,3458.968237079434,9840.692447749927,56.81724492291191,28.18187362604362,133.30334946933672
-97541.93882929624,3461.2227869695175,9851.356715707474,56.72645803737742,26.3028396135125,134.79347735801514
-97537.40071265325,3463.3270141385983,9862.140193896115,56.61165952334876,25.934687595227995,136.17974586241112
-97532.87177989139,3465.4017891462167,9873.034573565108,56.58022973782033,25.884926035688444,137.57885293331736
-97528.34536151236,3467.472583229072,9884.040881799774,56.295599857756386,25.437887057946366,138.91587445580626
-97523.84171352374,3469.5076141937075,9895.154151756238,56.22044691851458,25.196099789087583,140.37114866918523
-97519.34407777026,3471.5233021768345,9906.383843649774,55.985145945137646,24.517152625120968,141.85789956232847
-97514.86526609465,3473.4846743868443,9917.73247561476,55.340602475918196,22.552951695903083,143.36178454820137
-97510.43801789658,3475.2889105225167,9929.201418378616,54.44091999735879,21.126157479134168,144.7072528609389
-97506.08274429679,3476.9790031208477,9940.777998607491,53.11826425825204,19.30138906702763,145.94520780933135
-97501.83328315613,3478.52311424621,9952.453615232238,52.704725183010034,18.596686018617103,147.3122495764677
-97497.61690514149,3480.010849127699,9964.238595198356,51.475145473403494,17.153001611417263,148.7797574536324
-97493.49889350362,3481.3830892566125,9976.140975794646,50.787103424411974,16.625223250475972,150.1820540493941
-97489.43592522967,3482.7131071166505,9988.155540118598,50.62730768418179,16.4591130401944,151.48603515422258
-97485.38574061493,3484.029836159866,10000.274422930936,49.31194861361375,14.812116820878407,152.71046174100167
-97481.44078472584,3485.2148055055363,10012.491259870216,48.43348907860797,13.938632645295991,153.778966810251
-97477.56610559956,3486.32989611716,10024.793577215036,47.05337525139608,13.044996706435807,154.84787551428892
-97473.80183557945,3487.3734958536747,10037.18140725618,46.553966095177,12.564956302045621,155.79543276272406
-97470.07751829183,3488.378692357838,10049.645041877196,45.70304065530871,11.946882657462986,156.72405630895568
-97466.4212750394,3489.3344429704352,10062.182966381914,45.33726972020558,11.753575136312753,157.55276754633982
-97462.79429346179,3490.27472898134,10074.787187785621,45.28457263258666,11.711781723458659,158.45082528451718
-97459.17152765118,3491.211671519217,10087.463253808382,44.23884949266079,10.543663415847622,159.2039030092753
-97455.63241969177,3492.0551645924847,10100.199566049125,43.168876003370926,9.359086912021905,159.973174498799
-97452.1789096115,3492.8038915454463,10112.99742000903,42.794834931526744,8.798914877502536,160.77528476660538
-97448.75532281697,3493.5078047356465,10125.859442790357,42.35531605460444,8.443429715304566,161.53612014665896
-97445.3668975326,3494.183279112871,10138.78233240209,42.2113601660835,8.310864105651417,162.2456444229313
-97441.98998871932,3494.848148241323,10151.761983955925,41.932933193312486,7.877476322218825,162.95618784108441
-97438.63535406385,3495.478346347101,10164.798478983212,41.72012637862573,7.380165079504385,163.53424252177686
-97435.29774395356,3496.068759553461,10177.881218384953,41.54092579695433,7.09728057610667,164.2001575535865
-97431.9744698898,3496.6365419995495,10191.01723098924,40.272229624893,5.865760230234059,164.97135524734446
-97428.75269151981,3497.105802817968,10204.214939409028,39.50625745997288,5.087860811505189,165.72382410526524
-97425.59219092301,3497.5128316828886,10217.47284533745,38.71898400733303,4.062875142180468,166.44006601358996
-97422.49467220242,3497.837861694263,10230.788050618537,38.47940940537731,3.862027192924023,167.28952664721555
-97419.41631944999,3498.146823869697,10244.171212750314,37.30792500395544,2.8145444768307626,168.16599105459457
-97416.43168544967,3498.3719874278436,10257.624492034682,35.73569586171278,1.5922362767262233,169.127553219321
-97413.57282978074,3498.4993663299815,10271.154696292228,35.39860245903667,1.451325906505182,170.03929296094077
-97410.74094158401,3498.615472402502,10284.757839729104,34.2175831853414,0.6069560587999031,170.88065014334768
-97408.00353492919,3498.664028887206,10298.42829174057,32.49278615729119,-0.08526421499533443,171.82332613994632
-97405.4041120366,3498.6572077500064,10312.174157831767,31.10803688683805,-0.4186245949986262,172.89638039550664
-97402.91546908565,3498.6237177824064,10326.005868263408,30.10221190263812,-0.45430641679186123,173.92388901331685
-97400.50729213344,3498.587373269063,10339.919779384474,29.848652482615307,-0.4868109549900047,175.03821519400884
-97398.11939993483,3498.548428392664,10353.922836599995,28.54458041861271,-1.0232153621733748,176.09888303540254
-97395.83583350135,3498.46657116369,10368.010747242828,27.410244547432924,-1.2409275700701832,177.30364936555054
-97393.64301393756,3498.3672969580844,10382.195039192073,26.11744464834663,-1.278189416922925,178.38655321590653
-97391.5536183657,3498.2650418047306,10396.465963449346,24.615204513754843,-1.3929609746587548,179.5138351603935
-97389.58440200459,3498.153604926758,10410.827070262178,22.756229385528002,-1.3753885554144172,180.72870804092207
-97387.76390365374,3498.043573842325,10425.285366905451,22.70751473241578,-1.3900308979187037,181.81163865765768
-97385.94730247515,3497.932371370491,10439.830297998064,21.250619324745145,-2.022234312824402,183.02938665100277
-97384.24725292917,3497.7705926254653,10454.472648930143,19.885937634716438,-2.8329709112840504,184.10140306372236
-97382.65637791839,3497.5439549525627,10469.200761175241,17.892051041351326,-3.5454512003600844,185.3096131538453
-97381.22501383508,3497.260318856534,10484.02553022755,16.322089451328473,-4.253512002219002,186.40496605888984
-97379.91924667897,3496.9200378963565,10498.937927512261,14.943800554159687,-4.422749757473895,187.3926618078177
-97378.72374263464,3496.5662179157584,10513.929340456887,12.994641024439819,-5.217181859439314,188.40834430905508
-97377.68417135268,3496.1488433670033,10529.002008001611,11.637748286176322,-5.8466380554539406,189.42892944416184
-97376.75315148979,3495.681112322567,10544.156322357145,10.936384116413581,-6.381917764519049,190.37499885484993
-97375.87824076047,3495.1705589014055,10559.386322265533,10.713216342085195,-6.513680344641162,191.36562660827136
-97375.02118345311,3494.649464473834,10574.695572394194,8.68670036458806,-7.323308150741456,192.482199663806
-97374.32624742395,3494.063599821775,10590.094148367298,8.130630133514977,-7.493051630545315,193.61392116860176
-97373.67579701326,3493.464155691331,10605.583262060785,6.314652460772266,-7.862181904668838,194.74949993716376
-97373.1706248164,3492.8351811389575,10621.163222055759,4.977146042557801,-8.602373633694931,195.88757813305855
-97372.77245313299,3492.146991248262,10636.834228306403,3.551166400155323,-9.716559382336671,196.95478930992388
-97372.48835982097,3491.369666497675,10652.590611451196,3.094300997783991,-10.326049470334343,197.97985150466783
-97372.24081574114,3490.543582540048,10668.42899957157,2.865515805250263,-10.945039844809811,199.0512127713122
-97372.01157447672,3489.6679793524636,10684.353096593275,2.395735310592309,-13.046030401425998,200.06753686951382
-97371.81991565188,3488.6242969203495,10700.358499542835,1.6623530380872127,-14.837023024881445,201.206451000771
-97371.68692740884,3487.437335078359,10716.455015622898,0.8743132705505153,-16.08254839184449,202.27659456621146
-97371.6169823472,3486.150731207011,10732.637143188194,0.3240794752763725,-17.145012573892856,203.25353685192655
-97371.59105598918,3484.7791302010996,10748.89742613635,-0.7876409787786292,-18.82326788431482,204.25176733551845
-97371.65406726747,3483.2732687703547,10765.23756752319,-1.8570054786598975,-20.121356926556214,205.31013183460198
-97371.80262770577,3481.66356021623,10781.66237806996,-3.374199399598152,-21.79253467327817,206.40755309798507
-97372.07256365773,3479.920157442368,10798.174982317798,-4.538695952774816,-22.728861128955508,207.64819019410362
-97372.43565933395,3478.1018485520513,10814.786837533326,-6.128649731623605,-23.97279502933094,208.92492053804992
-97372.92595131247,3476.184024949705,10831.50083117637,-7.163959319501533,-24.828113994851318,210.04521387304396
-97373.49906805804,3474.197775830117,10848.304448286213,-8.240110851426364,-25.486567256687593,211.23252688550693
-97374.15827692616,3472.1588504495817,10865.203050437054,-8.352301877590522,-25.577328200511705,212.5325424714445
-97374.82646107637,3470.1126641935407,10882.20565383477,-9.492436461159981,-26.116760733131628,213.95790093877022
-97375.58585599327,3468.02332333489,10899.322285909871,-10.984627028213584,-26.31644376112596,215.24285039438078
-97376.46462615553,3465.918007834,10916.541713941422,-13.136107980207303,-26.047203080628947,216.68733807583547
-97377.51551479395,3463.8342315875498,10933.876700987488,-13.19073386828538,-26.04458334925192,218.21657524294523
-97378.57077350341,3461.75066491961,10951.334027006924,-14.407238334179892,-26.126239607147518,219.60508897419592
-97379.72335257014,3459.660565751038,10968.902434124859,-14.530607487375669,-26.172081832690395,220.99848844558218
-97380.88580116913,3457.5667992044228,10986.582313200506,-15.284577544061165,-26.320295749723783,222.26224187097006
-97382.10856737266,3455.461175544445,11004.363292550184,-15.65888115205839,-26.511422033071348,223.68026788089966
-97383.36127786482,3453.340261781799,11022.257713980656,-16.069106363555676,-26.742315381674313,225.23723612151056
-97384.6468063739,3451.200876551265,11040.276692870377,-17.483143400738204,-27.181289085689333,226.75192736508475
-97386.04545784596,3449.02637342441,11058.416847059583,-19.624498270322505,-27.531089689848137,228.27378977113213
-97387.61541770758,3446.823886249222,11076.678750241274,-21.51594956930902,-28.01370313560412,229.75813653388335
-97389.33669367312,3444.5827899983738,11095.059401163984,-22.048983246370447,-28.11559561785628,231.3433816040416
-97391.10061233283,3442.3335423489452,11113.566871692308,-22.9892051945036,-28.23772734778429,232.88752146893583
-97392.93974874838,3440.0745241611226,11132.197873409823,-23.281658628947277,-28.291054074909628,234.34646270601544
-97394.8022814387,3437.81123983513,11150.945590426305,-24.90029111092243,-28.451852947624435,235.65857931112356
-97396.79430472756,3435.53509159932,11169.798276771195,-26.229831663646873,-28.865191747278214,237.05198635952257
-97398.89269126065,3433.2258762595375,11188.762435679957,-27.826533242251813,-29.932507507763972,238.3274022498882
-97401.11881392004,3430.831275658916,11207.828627859948,-28.869544302214866,-30.840562788229107,239.72003928716103
-97403.42837746421,3428.364030635858,11227.00623100292,-30.25310731976186,-31.975609489004285,240
-97405.84862604979,3425.8059818767374,11246.206231002921,-31.843922273639112,-32.69646736528408,240
-97408.39613983168,3423.1902644875145,11265.406231002922,-32.80856552193441,-33.258126313616486,240
-97411.02082507343,3420.5296143824253,11284.606231002923,-33.811254008924884,-34.234091357358885,240
-97413.72572539415,3417.7908870738365,11303.806231002924,-34.03044008904333,-34.38563286066445,240
-97416.44816060127,3415.0400364449833,11323.006231002924,-35.713617126317835,-35.19945356932556,240
-97419.30524997138,3412.224080159437,11342.206231002925,-35.97586555886105,-35.41850554423565,240
-97422.18331921608,3409.390599715898,11361.406231002926,-36.395377810178466,-35.76323877727394,240
-97425.0949494409,3406.529540613716,11380.606231002927,-37.43532647139952,-36.58106581518711,240
-97428.0897755586,3403.603055348501,11399.806231002927,-37.72731981507989,-36.74850541847046,240
-97431.10796114382,3400.6631749150233,11419.006231002928,-38.343682499139085,-37.20916831800517,240
-97434.17545574375,3397.686441449583,11438.206231002929,-39.88356840641943,-38.61654661982038,240
-97437.36614121626,3394.5971177199976,11457.40623100293,-41.00881702532247,-39.40056515362178,240
-97440.64684657828,3391.445072507708,11476.60623100293,-42.57040199895545,-40.65267175452535,240
-97444.0524787382,3388.192858767346,11495.80623100293,-43.82473795131925,-41.12792295002472,240
-97447.55845777431,3384.9026249313442,11515.006231002932,-44.5542636524706,-41.23352382622793,240
-97451.1227988665,3381.603943025246,11534.206231002932,-46.38664624057332,-41.2363030076274,240
-97454.83373056575,3378.3050387846356,11553.406231002933,-48.192505383629154,-41.31649583875733,240
-97458.68913099644,3374.999719117535,11572.606231002934,-50.25192637876255,-41.75853964617394,240
-97462.70928510674,3371.659035945841,11591.806231002935,-51.84241535110796,-42.18544304354804,240
-97466.85667833484,3368.284200502357,11611.006231002935,-51.8795218574397,-42.18377712956226,240
-97471.00704008344,3364.9094983319924,11630.206231002936,-53.95083675931055,-42.003593511316595,240
-97475.32310702419,3361.549210851087,11649.406231002937,-55.626684588731045,-41.9795291962694,240
-97479.77324179129,3358.1908485153854,11668.606231002937,-55.672039014291656,-41.98302059666284,240
-97484.22700491243,3354.8322068676525,11687.806231002938,-57.314569304894526,-42.17006961003648,240
-97488.81217045683,3351.4586012988498,11707.006231002939,-59.44382352761907,-42.60645525639386,240
-97493.56767633904,3348.050084878338,11726.20623100294,-61.38431891189657,-42.75144353559922,240
-97498.47842185199,3344.62996939549,11745.40623100294,-62.454255446171196,-42.736488376228984,240
-97503.47476228769,3341.211050325392,11764.606231002941,-64.22560320409737,-42.67584861720449,240
-97508.61281054401,3337.7969824360157,11783.806231002942,-65.07794425003831,-42.75727326908707,240
-97513.81904608401,3334.376400574489,11803.006231002943,-67.04213310442667,-43.42148996711703,240
-97519.18241673236,3330.9026813771193,11822.206231002943,-68.05286141875744,-43.77047865304267,240
-97524.62664564587,3327.4010430848757,11841.406231002944,-68.35672645570915,-43.797199088049055,240
-97530.09518376233,3323.8972671578317,11860.606231002945,-70.26119030162289,-44.18298648564897,240
-97535.71607898646,3320.3626282389796,11879.806231002945,-72.19611545183213,-44.455114831662264,240
-97541.49176822261,3316.8062190524465,11899.006231002946,-74.1291869914726,-44.98448970840656,240
-97547.42210318193,3313.207459875774,11918.206231002947,-75.80726833873771,-45.830246753660866,240
-97553.48668464903,3309.541040135481,11937.406231002948,-76.13281736602899,-45.88331921347043,240
-97559.57731003831,3305.8703745984035,11956.606231002948,-77.60663199889063,-46.074971907484986,240
-97565.78584059823,3302.1843768458048,11975.806231002949,-78.44947325600947,-46.064318705020135,240
-97572.0617984587,3298.499231349403,11995.00623100295,-78.78150957747853,-46.07074703770434,240
-97578.3643192249,3294.813571586387,12014.20623100295,-79.40214015563372,-46.21722653953539,240
-97584.71649043735,3291.116193463224,12033.406231002951,-79.80389438298499,-46.2476088501875,240
-97591.10080198798,3287.416384755209,12052.606231002952,-80.12981906956125,-46.31192253869463,240
-97597.51118751355,3283.7114309521135,12071.806231002953,-81.29239245718219,-46.420456122446765,240
-97604.01457891012,3279.997794462318,12091.006231002953,-81.37541695716901,-46.42512403618725,240
-97610.5246122667,3276.283784539423,12110.206231002954,-82.87163268894469,-46.64516725049937,240
-97617.15434288181,3272.552171159383,12129.406231002955,-83.98661656000294,-46.84252242481419,240
-97623.8732722066,3268.8047693653975,12148.606231002956,-84.63233075817308,-46.92223773623099,240
-97630.64385866726,3265.050990346499,12167.806231002956,-85.22329754812021,-47.09459854657173,240
-97637.46172247111,3261.283422462773,12187.006231002957,-86.90702188655428,-47.861460666342026,240
-97644.41428422203,3257.4545056094657,12206.206231002958,-88.37963433549953,-48.229485395011245,240
-97651.48465496887,3253.5961467778648,12225.406231002959,-88.51960448874985,-48.26739288436799,240
-97658.56622332797,3249.7347553471154,12244.60623100296,-89.32085398870811,-48.588986510743474,240
-97665.71189164706,3245.847636426256,12263.80623100296,-90.31518351374292,-49.050302839890094,240
-97672.93710632816,3241.923612199065,12283.00623100296,-91.53125727931959,-49.39118643722186,240
-97680.2596069105,3237.9723172840872,12302.206231002961,-92.15742022296402,-49.538938900411196,240
-97687.63220052834,3234.0092021720543,12321.406231002962,-92.45126292083125,-49.60585096266718,240
-97695.02830156201,3230.040734095041,12340.606231002963,-93.4779149438959,-49.5540863069302,240
-97702.50653475751,3226.0764071904864,12359.806231002964,-93.50477820783647,-49.544506828436504,240
-97709.98691701415,3222.1128466442115,12379.006231002964,-95.57850337859983,-49.2168258891274,240
-97717.63319728443,3218.175500573081,12398.206231002965,-97.66524366826042,-48.27287100910283,240
-97725.4464167779,3214.313670892353,12417.406231002966,-98.99100401250539,-47.72995758769722,240
-97733.3656970989,3210.495274285337,12436.606231002967,-100.96031020872994,-47.14193490666843,240
-97741.4425219156,3206.7239194928034,12455.806231002967,-101.75379164410178,-46.987148316784925,240
-97749.58282524713,3202.964947627461,12475.006231002968,-101.94685148257557,-46.95679196342032,240
-97757.73857336573,3199.2084042703873,12494.206231002969,-102.38396269992995,-46.81239368181939,240
-97765.92929038173,3195.463412775842,12513.40623100297,-104.3592642811682,-46.17703612775069,240
-97774.27803152421,3191.769249885622,12532.60623100297,-105.57732754967726,-45.834707167724275,240
-97782.72421772819,3188.102473312204,12551.80623100297,-106.76662595779531,-45.6745620004521,240
-97791.26554780481,3184.4485083521677,12571.006231002972,-108.4900200405592,-45.89597810794195,240
-97799.94474940805,3180.776830103532,12590.206231002972,-109.83038280435218,-45.74657237596133,240
-97808.7311800324,3177.117104313455,12609.406231002973,-110.87179860289065,-45.688026906592015,240
-97817.60092392063,3173.4620621609274,12628.606231002974,-111.19366375241994,-45.75254214073338,240
-97826.49641702083,3169.8018587896686,12647.806231002975,-111.62462192692342,-45.86106308118614,240
-97835.42638677498,3166.132973743174,12667.006231002975,-111.72776651543103,-45.85444328449138,240
-97844.36460809622,3162.4646182804145,12686.206231002976,-112.1685928756097,-45.726622392762636,240
-97853.33809552627,3158.8064884889936,12705.406231002977,-113.77648969775369,-45.15994221668882,240
-97862.44021470209,3155.1936931116584,12724.606231002977,-115.6443309141494,-44.00430777893201,240
-97871.69176117521,3151.673348489344,12743.806231002978,-116.05035619156412,-43.56913588188935,240
-97880.97578967054,3148.187817618793,12763.006231002979,-116.90207769456627,-42.640776605092164,240
-97890.32795588611,3144.7765554903854,12782.20623100298,-118.34283476586302,-41.695961160760106,240
-97899.79538266738,3141.4408785975247,12801.40623100298,-119.33712778005142,-41.11503616241807,240
-97909.34235288978,3138.151675704531,12820.606231002981,-120.86224334284495,-40.06751819282203,240
-97919.01133235721,3134.9462742491055,12839.806231002982,-122.00798047539043,-38.947932904401284,240
-97928.77197079525,3131.830439616753,12859.006231002983,-122.1899704514501,-38.63454540815415,240
-97938.54716843137,3128.739675984101,12878.206231002983,-122.59786378288709,-37.11635710082437,240
-97948.354997534,3125.770367416035,12897.406231002984,-122.61747494303536,-36.22515590827812,240
-97958.16439552944,3122.8723549433726,12916.606231002985,-122.61792934682262,-36.223509375953725,240
-97967.97382987718,3119.9744741932964,12935.806231002985,-123.24017415741284,-34.65056312075512,240
-97977.83304380978,3117.202429143636,12955.006231002986,-123.73046894252454,-33.18487133825411,240
-97987.73148132517,3114.5476394365755,12974.206231002987,-124.7140644205443,-31.62518217342267,240
-97997.70860647882,3112.0176248627017,12993.406231002988,-125.167073017836,-30.291423439613805,240
-98007.72197232024,3109.5943109875325,13012.606231002988,-125.68828589653427,-28.907292449433946,240
-98017.77703519196,3107.2817275915777,13031.806231002989,-125.72281886361786,-28.722486243087236,240
-98027.83486070106,3104.9839286921306,13051.00623100299,-126.47273701540009,-26.63525663343875,240
-98037.95267966228,3102.8531081614556,13070.20623100299,-127.12093493156047,-25.15877289711272,240
-98048.1223544568,3100.8404063296866,13089.406231002991,-128.14589138438618,-23.156707884735432,240
-98058.37402576755,3098.9878696989076,13108.606231002992,-128.19441482704278,-23.097965876112774,240
