positionx,positiony,positionz,velocityx,velocityy,velocityz
55959.755953617336,-65671.81829687662,9915.172083527566,17.09497319561129,-63.94186049897448,-0.8853454483562799
55961.123551472985,-65676.93364571653,9915.101255891697,17.09497319561129,-63.94186049897448,-0.8853454483562799
55962.491149328634,-65682.04899455645,9915.030428255828,17.753454224127992,-64.15581395473525,-0.7253454483562799
55963.91142566656,-65687.18145967282,9914.97240061996,19.271522001527966,-65.2587547554109,-0.5653454483562799
55965.453147426684,-65692.40216005326,9914.927172984091,20.00720895423177,-66.27134097623896,-0.40534544835627984
55967.05372414302,-65697.70386733135,9914.894745348223,20.128342613742802,-66.64415204591386,-0.24534544835627983
55968.66399155212,-65703.03539949503,9914.875117712354,20.128342613742802,-65.01130223533634,-0.08534544835627983
55970.274258961224,-65708.23630367385,9914.868290076485,20.53830819774698,-63.74955790663825,0.07465455164372017
55971.917323617046,-65713.33626830639,9914.874262440617,21.562273524101794,-62.34019054425412,-0.08534544835627983
55973.64230549897,-65718.32348354993,9914.867434804748,21.754225219700704,-62.20072947407877,0.07465455164372017
55975.38264351655,-65723.29954190785,9914.87340716888,23.313706418489502,-61.694023316687385,-0.08534544835627983
55977.24774003003,-65728.23506377319,9914.86657953301,23.706120583061818,-61.694023316687385,0.07465455164372017
55979.14422967667,-65733.17058563852,9914.872551897142,24.136185981374684,-61.83376003526749,-0.08534544835627983
55981.07512455518,-65738.11728644134,9914.865724261273,25.090088451696854,-62.526810747525914,0.07465455164372017
55983.08233163132,-65743.11943130114,9914.871696625405,25.686925671137967,-63.34828670582895,-0.08534544835627983
55985.13728568501,-65748.1872942376,9914.864868989536,26.098184896234596,-64.6140124524203,0.07465455164372017
55987.22514047671,-65753.3564152338,9914.870841353668,26.35752609962488,-65.50845691404923,-0.08534544835627983
55989.333742564675,-65758.59709178691,9914.864013717799,26.72252232068621,-66.47084336972202,0.07465455164372017
55991.47154435033,-65763.91475925648,9914.86998608193,27.426900341807105,-68.32458814963017,-0.08534544835627983
55993.66569637768,-65769.38072630846,9914.863158446062,28.01133991459213,-70.27162747258046,0.07465455164372017
55995.906603570846,-65775.00245650626,9914.869130810193,28.464264383295994,-72.425552872758,-0.08534544835627983
55998.18374472151,-65780.79650073609,9914.862303174325,28.715083269443348,-73.09685248034037,0.07465455164372017
56000.48095138306,-65786.64424893452,9914.868275538456,28.869612785035123,-74.14572490071676,-0.08534544835627983
56002.79052040586,-65792.57590692658,9914.861447902587,29.009090766654417,-74.81906487246434,0.07465455164372017
56005.11124766719,-65798.56143211637,9914.867420266719,29.18334169662521,-76.20883615439728,-0.08534544835627983
56007.44591500292,-65804.65813900872,9914.86059263085,29.34774957728754,-76.8533496318614,0.07465455164372017
56009.793734969106,-65810.80640697927,9914.866564994982,29.545554413238886,-78.62350037135928,-0.08534544835627983
56012.15737932216,-65817.09628700899,9914.859737359113,29.993841571909627,-80.65584543321619,0.07465455164372017
56014.556886647915,-65823.54875464365,9914.865709723244,30.225702769137616,-81.546504114282,-0.08534544835627983
56016.97494286945,-65830.0724749728,9914.858882087376,30.22409093740375,-81.90395786590246,0.07465455164372017
56019.39287014444,-65836.62479160207,9914.864854451507,30.062704005157304,-82.40444143078086,-0.08534544835627983
56021.797886464854,-65843.21714691653,9914.858026815638,29.010533467457883,-84.40441754671177,0.07465455164372017
56024.118729142254,-65849.96950032027,9914.86399917977,28.621574007407414,-84.98445568501948,-0.08534544835627983
56026.40845506285,-65856.76825677506,9914.857171543901,27.69721924718688,-85.98725961511335,0.07465455164372017
56028.62423260262,-65863.64723754427,9914.863143908033,27.387862481525463,-86.24405500737772,-0.08534544835627983
56030.81526160114,-65870.54676194486,9914.856316272164,25.828428156412954,-87.3919616596665,0.07465455164372017
56032.88153585366,-65877.53811887764,9914.862288636295,24.7726920708373,-88.24916878607803,-0.08534544835627983
56034.86335121933,-65884.59805238052,9914.855461000427,23.065084859920862,-89.70490374572869,0.07465455164372017
56036.70855800812,-65891.77444468018,9914.861433364558,21.889065872625842,-91.12157852446397,-0.08534544835627983
56038.45968327793,-65899.06417096214,9914.85460572869,21.492728730795317,-91.43026096436853,0.07465455164372017
56040.17910157639,-65906.3785918393,9914.860578092821,20.442645242882897,-92.44549914487082,-0.08534544835627983
56041.814513195815,-65913.77423177089,9914.853750456952,20.115730242256923,-92.78424973311134,0.07465455164372017
56043.4237716152,-65921.19697174954,9914.859722821084,19.906805026169646,-93.1764135398972,-0.08534544835627983
56045.01631601729,-65928.65108483273,9914.852895185215,18.494760004969784,-94.54405193407595,0.07465455164372017
56046.49589681769,-65936.21460898746,9914.858867549347,17.428642778809202,-95.11337387876588,-0.08534544835627983
56047.890188239995,-65943.82367889777,9914.852039913478,16.445378831210782,-95.35827838484764,0.07465455164372017
56049.20581854649,-65951.45234116855,9914.85801227761,16.05348632458853,-95.43353473191236,-0.08534544835627983
56050.49009745246,-65959.08702394711,9914.85118464174,15.036347709820136,-95.79730215504567,0.07465455164372017
56051.69300526924,-65966.75080811951,9914.857157005872,14.949977424859666,-95.82897500607521,-0.08534544835627983
56052.88900346323,-65974.41712612,9914.850329370003,14.220417057770208,-95.95074370927449,0.07465455164372017
56054.026636827846,-65982.09318561674,9914.856301734135,12.389967933918037,-96.73231859573126,-0.08534544835627983
56055.01783426256,-65989.83177110441,9914.849474098266,11.021598222942657,-97.13291532557162,0.07465455164372017
56055.899562120394,-65997.60240433045,9914.855446462398,10.45882221796533,-97.4938550017736,-0.08534544835627983
56056.73626789783,-66005.4019127306,9914.848618826529,9.764987235320525,-97.94386062180713,0.07465455164372017
56057.517466876656,-66013.23742158034,9914.85459119066,8.246030260427526,-98.81469841224757,-0.08534544835627983
56058.17714929749,-66021.14259745332,9914.847763554792,6.9059132259416725,-100.00077817439686,0.07465455164372017
56058.72962235556,-66029.14265970727,9914.853735918923,5.608673965970215,-100.62810986674484,-0.08534544835627983
56059.17831627284,-66037.19290849661,9914.846908283054,5.292649068457198,-100.7388674655345,0.07465455164372017
56059.601728198315,-66045.25201789386,9914.852880647186,3.8311547177260543,-100.93009181019427,-0.08534544835627983
56059.90822057573,-66053.32642523867,9914.846053011317,2.9473314217292437,-101.28908427017265,0.07465455164372017
56060.14400708947,-66061.42955198028,9914.852025375449,2.083856127529277,-101.85480973252014,-0.08534544835627983
56060.31071557967,-66069.57793675888,9914.84519773958,0.725821422679668,-103.5399244083455,0.07465455164372017
56060.36878129348,-66077.86113071155,9914.851170103711,0.39588558151092945,-103.93570738804509,-0.08534544835627983
56060.40045214,-66086.17598730259,9914.844342467843,-0.15264072186497224,-105.04029771382372,0.07465455164372017
56060.38824088225,-66094.5792111197,9914.850314831974,-0.20037445899110295,-105.12489690882883,-0.08534544835627983
56060.372210925525,-66102.9892028724,9914.843487196105,-1.2349161187509055,-106.39381934540759,0.07465455164372017
56060.273417636025,-66111.50070842003,9914.849459560237,-2.346585459174546,-107.90401290868958,-0.08534544835627983
56060.08569079929,-66120.13302945273,9914.842631924368,-3.6628944985524416,-108.95120530666965,0.07465455164372017
56059.79265923941,-66128.84912587726,9914.8486042885,-4.706905927785004,-109.4258761286423,-0.08534544835627983
56059.41610676519,-66137.60319596755,9914.84177665263,-6.372325041568676,-109.61967616737992,0.07465455164372017
56058.90632076186,-66146.37277006093,9914.847749016762,-6.910455398175171,-109.60915329818589,-0.08534544835627983
56058.35348433001,-66155.14150232478,9914.840921380894,-7.102897664865534,-109.59839853969305,0.07465455164372017
56057.78525251682,-66163.90937420796,9914.846893745025,-8.68957823871488,-109.21374121685231,-0.08534544835627983
56057.090086257725,-66172.6464735053,9914.840066109156,-9.172395483087556,-109.13546616300299,0.07465455164372017
56056.35629461908,-66181.37731079834,9914.846038473288,-11.193993109652666,-108.92152667545264,-0.08534544835627983
56055.46077517031,-66190.09103293238,9914.83921083742,-12.550018877125323,-108.43355380069025,0.07465455164372017
56054.45677366014,-66198.76571723644,9914.84518320155,-12.813862977074551,-108.29407048454493,-0.08534544835627983
56053.431664621974,-66207.42924287521,9914.838355565682,-13.099153912205072,-108.02121158120796,0.07465455164372017
56052.383732309,-66216.0709398017,9914.844327929814,-14.243558671247161,-107.36243348305291,-0.08534544835627983
56051.2442476153,-66224.65993448035,9914.837500293945,-14.362321288816533,-107.2684586754905,0.07465455164372017
56050.095261912196,-66233.2414111744,9914.843472658076,-14.953465114388253,-106.75752341081314,-0.08534544835627983
56048.898984703046,-66241.78201304727,9914.836645022207,-15.297040922204692,-106.54741842843669,0.07465455164372017
56047.67522142927,-66250.30580652154,9914.842617386339,-16.506296435243378,-105.66127128453475,-0.08534544835627983
56046.35471771445,-66258.75870822431,9914.83578975047,-17.24031260628266,-105.14056629243008,0.07465455164372017
56044.97549270595,-66267.1699535277,9914.841762114602,-18.22889955473157,-103.9138936709482,-0.08534544835627983
56043.51718074157,-66275.48306502137,9914.834934478733,-19.987490764214485,-102.71228232746948,0.07465455164372017
56041.91818148043,-66283.70004760756,9914.840906842865,-21.08346423028667,-101.98136824202697,-0.08534544835627983
56040.23150434201,-66291.85855706692,9914.834079206996,-22.69879568229558,-100.93324791657045,0.07465455164372017
56038.415600687425,-66299.93321690024,9914.840051571127,-23.95697272641037,-99.87420366352927,-0.08534544835627983
56036.49904286931,-66307.92315319333,9914.833223935259,-25.12106897149932,-98.49981365498438,0.07465455164372017
56034.489357351595,-66315.80313828573,9914.83919629939,-26.18483570767022,-96.52725338075213,-0.08534544835627983
56032.39457049498,-66323.52531855619,9914.832368663521,-26.624099415460964,-95.26457898547228,0.07465455164372017
56030.26464254174,-66331.14648487503,9914.838341027653,-26.642517439165253,-94.47193908642842,-0.08534544835627983
56028.13324114661,-66338.70424000194,9914.831513391784,-26.8448603803186,-92.67866897778214,0.07465455164372017
56025.98565231618,-66346.11853352016,9914.837485755916,-26.83591568533366,-92.62929710491976,-0.08534544835627983
56023.838779061356,-66353.52887728855,9914.830658120047,-26.61975375196601,-91.5637657791034,0.07465455164372017
56021.7091987612,-66360.85397855088,9914.836630484178,-26.451564895390643,-90.27404170295391,-0.08534544835627983
56019.593073569566,-66368.07590188712,9914.82980284831,-26.240788645189266,-88.25479343406909,0.07465455164372017
56017.49381047795,-66375.13628536185,9914.835775212441,-26.28762699073138,-86.97288799937485,-0.08534544835627983
56015.390800318695,-66382.0941164018,9914.828947576572,-26.7509257379018,-85.41499858383763,0.07465455164372017
56013.25072625966,-66388.92731628851,9914.834919940704,-27.236574482297513,-83.32264691593015,-0.08534544835627983
56011.07180030108,-66395.59312804179,9914.828092304835,-27.832897815247183,-81.93587908798301,0.07465455164372017
56008.845168475855,-66402.14799836882,9914.834064668967,-28.0209836407263,-81.30183956794036,-0.08534544835627983
56006.6034897846,-66408.65214553426,9914.827237033098,-28.57110439103258,-79.208083225541,0.07465455164372017
56004.31780143332,-66414.98879219231,9914.83320939723,-28.717864255279682,-78.71188732890698,-0.08534544835627983
56002.02037229289,-66421.28574317863,9914.82638176136,-29.634812697627225,-76.92958976253169,0.07465455164372017
55999.64958727708,-66427.44011035963,9914.832354125492,-30.3826785508485,-75.09106500326668,-0.08534544835627983
55997.21897299302,-66433.4473955599,9914.825526489623,-30.874333739091004,-74.12510304247844,0.07465455164372017
55994.74902629389,-66439.37740380329,9914.831498853755,-31.0035526969731,-73.69788413744647,-0.08534544835627983
55992.26874207813,-66445.27323453428,9914.824671217886,-31.038515107826903,-73.52362295020617,0.07465455164372017
55989.7856608695,-66451.1551243703,9914.830643582018,-31.54951965167582,-72.4336613311186,-0.08534544835627983
55987.26169929736,-66456.94981727679,9914.823815946149,-32.52784684630627,-70.73844352933487,0.07465455164372017
55984.65947154966,-66462.60889275913,9914.82978831028,-32.870552051396324,-69.95728822861237,-0.08534544835627983
55982.02982738555,-66468.20547581742,9914.822960674412,-33.37012733440246,-69.37801645623816,0.07465455164372017
55979.3602171988,-66473.75571713391,9914.828933038543,-34.892063217053284,-68.4193410477518,-0.08534544835627983
55976.56885214144,-66479.22926441774,9914.822105402674,-36.42262698885192,-67.80734993636658,0.07465455164372017
55973.65504198233,-66484.65385241265,9914.828077766806,-36.5557333113983,-67.78192714124182,-0.08534544835627983
55970.73058331742,-66490.07640658395,9914.821250130937,-37.09979744635812,-67.80097150096668,0.07465455164372017
55967.76259952171,-66495.50048430402,9914.827222495069,-37.886746876524604,-67.98678163019257,-0.08534544835627983
55964.73165977159,-66500.93942683443,9914.8203948592,-40.05690919722938,-67.81212450645698,0.07465455164372017
55961.527107035814,-66506.36439679495,9914.826367223332,-40.387354728275064,-67.78096848239679,-0.08534544835627983
55958.29611865755,-66511.78687427354,9914.819539587463,-42.60980270323451,-67.97758845839583,0.07465455164372017
55954.88733444129,-66517.22508135022,9914.825511951594,-43.34429845221251,-68.03595176771638,-0.08534544835627983
55951.419790565116,-66522.66795749163,9914.818684315725,-45.08841174763418,-67.77865532512558,0.07465455164372017
55947.812717625304,-66528.09024991764,9914.824656679857,-46.317812920242076,-67.40589474475983,-0.08534544835627983
55944.10729259168,-66533.48272149723,9914.817829043988,-46.84425934617824,-67.41123275579064,0.07465455164372017
55940.359751843986,-66538.8756201177,9914.82380140812,-46.873972958258186,-67.40360885096048,-0.08534544835627983
55936.60983400732,-66544.26790882577,9914.816973772251,-47.14868775848807,-67.41988438564614,0.07465455164372017
55932.837938986646,-66549.66149957663,9914.822946136383,-49.103302772007574,-66.98823759807834,-0.08534544835627983
55928.90967476489,-66555.02055858448,9914.816118500514,-49.93475977628559,-66.76103738612463,0.07465455164372017
55924.91489398279,-66560.36144157537,9914.822090864645,-50.400485007139785,-66.56449124852068,-0.08534544835627983
55920.882855182215,-66565.68660087525,9914.815263228777,-51.496749293046825,-65.73266687906214,0.07465455164372017
55916.76311523877,-66570.94521422558,9914.821235592908,-52.08581745838636,-64.91380926548374,-0.08534544835627983
55912.5962498421,-66576.13831896681,9914.81440795704,-52.5273889476321,-64.17536887726412,0.07465455164372017
55908.39405872629,-66581.272348477,9914.82038032117,-53.048893149425545,-62.15206722210354,-0.08534544835627983
55904.15014727434,-66586.24451385476,9914.813552685302,-53.058186086840415,-62.11813624981411,0.07465455164372017
55899.90549238739,-66591.21396475474,9914.819525049434,-53.749979619850464,-60.82357868022336,-0.08534544835627983
55895.60549401781,-66596.07985104916,9914.812697413565,-54.199982482898804,-59.969074485397634,0.07465455164372017
55891.269495419176,-66600.87737700799,9914.818669777696,-54.56044782595839,-58.77831245626844,-0.08534544835627983
55886.9046595931,-66605.5796420045,9914.811842141828,-54.87062369598552,-57.84505677541003,0.07465455164372017
55882.51500969742,-66610.20724654653,9914.81781450596,-55.52034955082044,-55.89539222758941,-0.08534544835627983
55878.07338173335,-66614.67887792474,9914.81098687009,-55.67213005842436,-55.628313209968546,0.07465455164372017
55873.61961132868,-66619.12914298155,9914.816959234222,-56.025752425806,-55.10372845837399,-0.08534544835627983
55869.13755113461,-66623.53744125822,9914.810131598353,-57.1719854763257,-53.32642372369201,0.07465455164372017
55864.5637922965,-66627.80355515612,9914.816103962485,-57.399232286300126,-52.78448914993443,-0.08534544835627983
55859.9718537136,-66632.02631428812,9914.809276326616,-57.42045579017708,-52.73456088094053,0.07465455164372017
55855.378217250385,-66636.24507915859,9914.815248690747,-57.877018855816246,-51.139810630444636,-0.08534544835627983
55850.74805574192,-66640.33626400902,9914.808421054879,-58.785076840110925,-49.62228444120071,0.07465455164372017
55846.04524959471,-66644.30604676432,9914.81439341901,-59.52351528439872,-47.55323395317027,-0.08534544835627983
55841.28336837196,-66648.11030548057,9914.807565783141,-60.257058531495844,-45.49038235131176,0.07465455164372017
55836.462803689436,-66651.74953606867,9914.813538147273,-60.74030553383168,-44.21853069484121,-0.08534544835627983
55831.60357924673,-66655.28701852426,9914.806710511404,-61.20991436277671,-43.480091818952765,0.07465455164372017
55826.70678609771,-66658.76542586979,9914.812682875536,-61.45266323593145,-42.8956159229276,-0.08534544835627983
55821.79057303884,-66662.19707514362,9914.805855239667,-61.48942965432181,-42.81580748657451,0.07465455164372017
55816.871418666495,-66665.62233974255,9914.811827603799,-62.585026673526066,-41.378983628666184,-0.08534544835627983
55811.86461653261,-66668.93265843284,9914.80499996793,-63.85096615921746,-40.06667417884052,0.07465455164372017
55806.756539239876,-66672.13799236715,9914.810972332061,-64.37908961718387,-39.48344778748789,-0.08534544835627983
55801.6062120705,-66675.29666819015,9914.804144696192,-64.40008912311802,-39.439340226053595,0.07465455164372017
55796.45420494065,-66678.45181540823,9914.810117060324,-64.45827973383881,-39.14244998776754,-0.08534544835627983
55791.297542561944,-66681.58321140725,9914.803289424455,-64.58647695169503,-38.04145279966474,0.07465455164372017
55786.13062440581,-66684.62652763123,9914.809261788587,-64.74024103266659,-36.46178588486704,-0.08534544835627983
55780.951405123196,-66687.54347050202,9914.802434152718,-65.04690995204052,-34.41993560036753,0.07465455164372017
55775.74765232703,-66690.29706535005,9914.80840651685,-64.80517429011488,-32.91579312050757,-0.08534544835627983
55770.563238383824,-66692.93032879969,9914.80157888098,-64.67606917590518,-31.108574228790793,0.07465455164372017
55765.38915284975,-66695.41901473798,9914.807551245112,-64.90819203633993,-30.05513752682066,-0.08534544835627983
55760.19649748684,-66697.82342574013,9914.800723609244,-64.89354103920923,-29.82957440175931,0.07465455164372017
55755.0050142037,-66700.20979169228,9914.806695973375,-64.73657319297024,-28.808676573693337,-0.08534544835627983
55749.826088348265,-66702.51448581817,9914.799868337506,-64.5836969704486,-28.12927545660728,0.07465455164372017
55744.65939259063,-66704.7648278547,9914.805840701638,-63.903746156336524,-26.67743297658076,-0.08534544835627983
55739.54709289812,-66706.89902249283,9914.799013065769,-63.75684183056651,-25.876854898988082,0.07465455164372017
55734.44654555168,-66708.96917088475,9914.8049854299,-63.19103538367101,-24.74600395093697,-0.08534544835627983
55729.39126272098,-66710.94885120082,9914.798157794032,-62.574734937216796,-23.013517709063596,0.07465455164372017
55724.385283926,-66712.78993261755,9914.804130158163,-61.850035870670084,-21.492053831198707,-0.08534544835627983
55719.43728105634,-66714.50929692405,9914.797302522295,-61.06015178481358,-20.56627169186186,0.07465455164372017
55714.55246891356,-66716.1545986594,9914.803274886426,-60.95308360298861,-20.423741661147464,-0.08534544835627983
55709.67622222532,-66717.7884979923,9914.796447250557,-60.74636332435243,-19.883752638363855,0.07465455164372017
55704.81651315937,-66719.37919820337,9914.802419614689,-60.68617645737487,-19.206396295248275,-0.08534544835627983
55699.961619042784,-66720.91570990699,9914.79559197882,-60.63088715334293,-18.81258164265022,0.07465455164372017
55695.111148070515,-66722.4207164384,9914.801564342952,-60.41263188642458,-18.027529639609767,-0.08534544835627983
55690.2781375196,-66723.86291880957,9914.794736707083,-60.272310057646465,-17.775122519701544,0.07465455164372017
55685.45635271499,-66725.28492861115,9914.800709071214,-59.6900588234047,-17.222616654405087,-0.08534544835627983
55680.68114800911,-66726.6627379435,9914.793881435346,-59.679380378742074,-17.21184319110784,0.07465455164372017
55675.90679757881,-66728.03968539878,9914.799853799477,-59.487672962597884,-16.894494310108552,-0.08534544835627983
55671.147783741806,-66729.39124494359,9914.793026163608,-59.06439210762721,-15.52648520545063,0.07465455164372017
55666.42263237319,-66730.63336376002,9914.79899852774,-58.8256414920315,-13.326678192296342,-0.08534544835627983
55661.71658105383,-66731.6994980154,9914.792170891871,-58.773043671998536,-12.939238783964935,0.07465455164372017
55657.01473756007,-66732.73463711812,9914.798143256003,-59.010417523769775,-10.860434081408801,-0.08534544835627983
55652.29390415817,-66733.60347184463,9914.791315620134,-59.734042250644315,-8.918792393339954,0.07465455164372017
55647.51518077812,-66734.3169752361,9914.797287984265,-60.33519352541766,-7.834603733215953,-0.08534544835627983
55642.68836529609,-66734.94374353475,9914.790460348397,-60.3417170756989,-7.817110601742796,0.07465455164372017
55637.861027930034,-66735.56911238289,9914.796432712528,-60.87551197605445,-6.3589956447964155,-0.08534544835627983
55632.99098697195,-66736.07783203447,9914.78960507666,-61.7174307630797,-4.544006850954246,0.07465455164372017
55628.0535925109,-66736.44135258255,9914.795577440791,-62.00044299092581,-2.811659213906519,-0.08534544835627983
55623.093557071625,-66736.66628531966,9914.788749804922,-62.51349053414422,-1.8166809421478842,0.07465455164372017
55618.09247782889,-66736.81161979503,9914.794722169054,-63.122545326943,-0.43389122146017245,-0.08534544835627983
55613.042674202734,-66736.84633109275,9914.787894533185,-63.90923459249865,1.0639646039558546,0.07465455164372017
55607.929935435335,-66736.76121392443,9914.793866897317,-64.2771507343015,1.4281113267033394,-0.08534544835627983
55602.78776337659,-66736.6469650183,9914.787039261448,-64.72502087268364,1.8411685216760265,0.07465455164372017
55597.60976170677,-66736.49967153657,9914.79301162558,-64.80230434333166,1.9216845353731615,-0.08534544835627983
55592.4255773593,-66736.34593677374,9914.78618398971,-65.0123034430369,2.2189476241187736,0.07465455164372017
55587.22459308386,-66736.1684209638,9914.792156353842,-66.58792745232323,3.711585327804375,-0.08534544835627983
55581.89755888768,-66735.87149413758,9914.785328717973,-67.8673931848139,5.104047465167687,0.07465455164372017
55576.4681674329,-66735.46317034037,9914.791301082105,-68.76382556784333,5.995671271952293,-0.08534544835627983
55570.96706138747,-66734.98351663862,9914.784473446236,-70.27746689611388,7.082425643006611,0.07465455164372017
55565.34486403578,-66734.41692258717,9914.790445810368,-70.43424521001549,7.182718609051049,-0.08534544835627983
55559.71012441898,-66733.84230509846,9914.783618174499,-71.33012006069303,7.8916866307454185,0.07465455164372017
55554.00371481413,-66733.210970168,9914.78959053863,-72.26606524166849,8.596012005273016,-0.08534544835627983
55548.222429594796,-66732.52328920759,9914.782762902762,-73.24097530392939,9.101433282554945,0.07465455164372017
55542.363151570484,-66731.79517454498,9914.788735266893,-74.55306895450856,9.563465736791052,-0.08534544835627983
55536.39890605412,-66731.03009728604,9914.781907631024,-74.81838581896803,9.698170873996624,0.07465455164372017
55530.4134351886,-66730.25424361612,9914.787879995156,-75.57235129591875,10.09019545681341,-0.08534544835627983
55524.36764708493,-66729.44702797958,9914.781052359287,-76.95110751937999,10.429534252327691,0.07465455164372017
55518.21155848338,-66728.61266523939,9914.787024723419,-78.11952452396845,10.703926002464922,-0.08534544835627983
55511.961996521466,-66727.75635115919,9914.78019708755,-78.3664852829291,10.78766059782819,0.07465455164372017
55505.69267769883,-66726.89333831136,9914.786169451681,-78.94004925923755,11.018007927572624,-0.08534544835627983
55499.3774737581,-66726.01189767716,9914.779341815813,-79.46519222452538,11.14589322690207,0.07465455164372017
55493.02025838014,-66725.120226219,9914.785314179944,-80.59105530945719,11.629929177632572,-0.08534544835627983
55486.57297395538,-66724.1898318848,9914.778486544075,-81.85355310932147,12.184883012037009,0.07465455164372017
55480.02468970663,-66723.21504124384,9914.784458908207,-83.50826531069718,12.84280793567254,-0.08534544835627983
55473.34402848178,-66722.18761660898,9914.777631272338,-83.54834726063815,12.850799287358363,0.07465455164372017
55466.66016070093,-66721.159552666,9914.78360363647,-84.50144318433449,13.375028499712208,-0.08534544835627983
55459.900045246184,-66720.08955038602,9914.7767760006,-85.24159227666127,14.000457816546596,0.07465455164372017
55453.08071786405,-66718.9695137607,9914.782748364732,-85.62622149223809,14.458404959301792,-0.08534544835627983
55446.23062014468,-66717.81284136396,9914.775920728864,-86.2782458530207,15.294517035117654,0.07465455164372017
55439.32836047644,-66716.58928000115,9914.781893092995,-87.87293908118296,16.385486341687063,-0.08534544835627983
55432.29852534994,-66715.27844109382,9914.775065457126,-89.07756194857053,16.809508985868856,0.07465455164372017
55425.17232039406,-66713.93368037495,9914.781037821258,-89.12697297034688,16.83434944697903,-0.08534544835627983
55418.04216255643,-66712.58693241919,9914.77421018539,-90.35723760207034,17.099402252546103,0.07465455164372017
55410.81358354826,-66711.21898023899,9914.78018254952,-91.92417849195482,17.591768428088773,-0.08534544835627983
55403.4596492689,-66709.81163876475,9914.773354913652,-93.79928236096255,18.244154936010265,0.07465455164372017
55395.955706680026,-66708.35210636987,9914.779327277784,-94.45251715647638,18.493057108011843,-0.08534544835627983
55388.399505307505,-66706.87266180123,9914.772499641915,-95.56330973899496,19.15551370294959,0.07465455164372017
55380.754440528384,-66705.340220705,9914.778472006046,-95.64114020891721,19.228110622774697,-0.08534544835627983
55373.10314931167,-66703.80197185517,9914.771644370177,-96.42299979666194,20.62630541756026,0.07465455164372017
55365.38930932793,-66702.15186742177,9914.777616734309,-97.46327909586726,22.281736948298427,-0.08534544835627983
55357.59224700026,-66700.3693284659,9914.77078909844,-98.45834289690848,23.400206538014594,0.07465455164372017
55349.71557956851,-66698.49731194285,9914.776761462572,-99.25471996246466,24.318765079923512,-0.08534544835627983
55341.77520197151,-66696.55181073645,9914.769933826703,-100.38355804674188,25.572425866700303,0.07465455164372017
55333.744517327774,-66694.50601666712,9914.775906190835,-102.03800262835604,27.021162228848446,-0.08534544835627983
55325.58147711751,-66692.34432368881,9914.769078554966,-102.17163467127875,27.23341979075486,0.07465455164372017
55317.4077463438,-66690.16565010555,9914.775050919097,-102.18077082423083,27.24844803425992,-0.08534544835627983
55309.23328467786,-66687.98577426281,9914.768223283229,-102.54649813698171,27.990986616610066,0.07465455164372017
55301.0295648269,-66685.74649533349,9914.77419564736,-102.70005154141396,28.833934402594284,-0.08534544835627983
55292.81356070359,-66683.43978058128,9914.767368011491,-102.69040071325483,28.918421302113018,0.07465455164372017
55284.59832864653,-66681.12630687711,9914.773340375623,-102.32078339821769,30.67519298185455,-0.08534544835627983
55276.41266597467,-66678.67229143856,9914.766512739754,-102.258670029426,31.830570295019786,0.07465455164372017
55268.23197237231,-66676.12584581495,9914.772485103886,-102.72739092024179,33.71312674467985,-0.08534544835627983
55260.01378109869,-66673.42879567538,9914.765657468017,-102.92005683086023,34.17980932799796,0.07465455164372017
55251.78017655222,-66670.69441092914,9914.771629832148,-103.11426989177575,35.89917328329628,-0.08534544835627983
55243.531034960884,-66667.82247706647,9914.76480219628,-103.33063343043659,36.48035854707573,0.07465455164372017
55235.26458428645,-66664.9040483827,9914.770774560411,-104.21184980096484,38.01552184886819,-0.08534544835627983
55226.927636302375,-66661.86280663479,9914.763946924542,-105.05171910784703,38.855929093330346,0.07465455164372017
55218.52349877375,-66658.75433230732,9914.769919288674,-107.02347987155878,39.91122489803525,-0.08534544835627983
55209.96162038403,-66655.56143431547,9914.763091652805,-107.04102458417928,39.91885017426304,0.07465455164372017
55201.39833841729,-66652.36792630154,9914.769064016937,-108.39778296300224,40.59426872502896,-0.08534544835627983
55192.72651578025,-66649.12038480354,9914.762236381068,-108.53203252170785,40.65431405768378,0.07465455164372017
55184.04395317851,-66645.86803967893,9914.7682087452,-109.98309117580278,41.450486717112376,-0.08534544835627983
55175.24530588445,-66642.55200074156,9914.76138110933,-110.4900798195985,41.97764577357507,0.07465455164372017
55166.40609949888,-66639.19378907967,9914.767353473462,-110.93686179154086,42.52509893715395,-0.08534544835627983
55157.53115055556,-66635.79178116469,9914.760525837593,-111.24527730300471,43.17415495052721,0.07465455164372017
55148.63152837132,-66632.33784876864,9914.766498201725,-111.62770355125355,43.64218295566123,-0.08534544835627983
55139.70131208722,-66628.8464741322,9914.759670565856,-111.77238418155616,43.90753945421851,0.07465455164372017
55130.759521352695,-66625.33387097585,9914.765642929988,-112.16501910209533,44.87322809179934,-0.08534544835627983
55121.786319824525,-66621.74401272851,9914.758815294119,-112.49240859107645,45.68736864257792,0.07465455164372017
55112.78692713724,-66618.0890232371,9914.76478765825,-113.00996551590814,46.50056275974617,-0.08534544835627983
55103.74612989597,-66614.36897821633,9914.757960022382,-113.07284402874255,46.561623373636884,0.07465455164372017
55094.70030237367,-66610.64404834644,9914.763932386513,-113.98607961012472,47.28987554479119,-0.08534544835627983
55085.58141600486,-66606.86085830285,9914.757104750644,-115.1488323903176,48.89125097252941,0.07465455164372017
55076.369509413635,-66602.94955822505,9914.763077114776,-115.81379323377195,50.289752033010615,-0.08534544835627983
55067.10440595493,-66598.92637806242,9914.756249478907,-115.93003788757314,50.622787326062905,0.07465455164372017
55057.830002923925,-66594.87655507633,9914.762221843039,-116.72268059752015,52.65658622925299,-0.08534544835627983
55048.49218847612,-66590.664028178,9914.75539420717,-116.80156793189282,52.783665745447024,0.07465455164372017
55039.14806304157,-66586.44133491836,9914.761366571302,-117.7146008148256,53.60832137767696,-0.08534544835627983
55029.73089497638,-66582.15266920814,9914.754538935433,-118.89014101231467,54.71589448439949,0.07465455164372017
55020.219683695395,-66577.77539764938,9914.760511299564,-119.27097834489763,55.059581490356955,-0.08534544835627983
55010.678005427806,-66573.37063113015,9914.753683663695,-121.12332958115299,56.34339503514264,0.07465455164372017
55000.988139061315,-66568.86315952733,9914.759656027827,-122.70763313691403,57.39148161559281,-0.08534544835627983
54991.17152841036,-66564.27184099809,9914.752828391958,-123.82145209859468,58.08498856440241,0.07465455164372017
54981.26581224248,-66559.62504191294,9914.75880075609,-125.30408214242526,58.98800802158552,-0.08534544835627983
54971.24148567108,-66554.90600127121,9914.751973120221,-126.22227242241813,60.02196505338971,0.07465455164372017
54961.143703877286,-66550.10424406694,9914.757945484353,-126.98013972471212,61.62033768366385,-0.08534544835627983
54950.98529269931,-66545.17461705225,9914.751117848484,-128.27979117866846,63.161179072912894,0.07465455164372017
54940.72290940502,-66540.12172272641,9914.757090212615,-128.48174982480626,63.29538276553046,-0.08534544835627983
54930.444369419034,-66535.05809210517,9914.750262576747,-129.85369385593495,64.73349073278104,0.07465455164372017
54920.05607391056,-66529.87941284655,9914.756234940878,-131.10648227606876,66.4048623564158,-0.08534544835627983
54909.567555328475,-66524.56702385804,9914.74940730501,-131.50859372159283,67.52056358457297,0.07465455164372017
54899.046867830744,-66519.16537877127,9914.75537966914,-132.4655597492951,68.76551235812728,-0.08534544835627983
54888.4496230508,-66513.66413778262,9914.748552033272,-133.6410855502724,70.015246561997,0.07465455164372017
54877.75833620678,-66508.06291805765,9914.754524397404,-134.28845965946775,70.67492818012441,-0.08534544835627983
54867.015259434025,-66502.40892380325,9914.747696761535,-135.441330767083,71.97883786105258,0.07465455164372017
54856.179952972656,-66496.65061677436,9914.753669125666,-136.51681459166642,73.46870425321926,-0.08534544835627983
54845.25860780532,-66490.77312043411,9914.746841489798,-137.11617484069004,74.38153503133493,0.07465455164372017
54834.289313818066,-66484.8225976316,9914.75281385393,-137.19351101051245,74.56407297951954,-0.08534544835627983
54823.31383293722,-66478.85747179324,9914.74598621806,-138.4028865660678,75.97740449524944,0.07465455164372017
54812.241602011934,-66472.77927943361,9914.751958582192,-138.41485364761638,75.99509727655116,-0.08534544835627983
54801.16841372012,-66466.69967165148,9914.745130946323,-138.7220000836796,76.34959082165753,0.07465455164372017
54790.07065371343,-66460.59170438575,9914.751103310455,-139.76278637449428,78.08142922851468,-0.08534544835627983
54778.889630803475,-66454.34519004746,9914.744275674586,-139.82710055031686,78.15301873734255,0.07465455164372017
54767.70346275945,-66448.09294854847,9914.750248038717,-140.57176895572897,79.77295007258759,-0.08534544835627983
54756.45772124299,-66441.71111254266,9914.743420402849,-141.04208272211642,81.27622985577182,0.07465455164372017
54745.17435462522,-66435.2090141542,9914.74939276698,-141.2363075214705,82.59791589647179,-0.08534544835627983
54733.8754500235,-66428.60118088248,9914.742565131111,-141.1894227639516,83.7375753192157,0.07465455164372017
54722.58029620239,-66421.90217485695,9914.748537495243,-141.20652257033933,83.94719902795237,-0.08534544835627983
54711.28377439676,-66415.18639893472,9914.741709859374,-141.55014452634487,85.47588966665508,0.07465455164372017
54699.95976283465,-66408.34832776139,9914.747682223506,-141.5549483504975,85.60502276106803,-0.08534544835627983
54688.63536696661,-66401.4999259405,9914.740854587637,-141.49995510294372,87.32074368423882,0.07465455164372017
54677.315370558375,-66394.51426644577,9914.746826951769,-141.6143053051709,87.95741903872367,-0.08534544835627983
54665.98622613396,-66387.47767292267,9914.7399993159,-142.5095109133295,89.8736843915382,0.07465455164372017
54654.58546526089,-66380.28777817135,9914.745971680031,-142.7902912667375,90.18544598591782,-0.08534544835627983
54643.16224195955,-66373.07294249248,9914.739144044162,-144.00802328571717,92.05961891654144,0.07465455164372017
54631.64160009669,-66365.70817297915,9914.745116408294,-144.40587536423493,92.5747588438715,-0.08534544835627983
54620.08913006756,-66358.30219227164,9914.738288772425,-144.63675029942078,92.93705028588501,0.07465455164372017
54608.51819004361,-66350.86722824877,9914.744261136557,-145.9875804695068,94.45715014687289,-0.08534544835627983
54596.83918360605,-66343.31065623702,9914.737433500688,-147.23353488197728,95.31561354154397,0.07465455164372017
54585.06050081549,-66335.6854071537,9914.74340586482,-148.33260510793494,96.71372398050949,-0.08534544835627983
54573.19389240685,-66327.94830923526,9914.73657822895,-149.57282399494449,98.04206786699278,0.07465455164372017
54561.22806648726,-66320.1049438059,9914.742550593082,-150.24775992970805,98.90926585206527,-0.08534544835627983
54549.208245692884,-66312.19220253773,9914.735722957214,-150.25931424347482,98.91918764801919,0.07465455164372017
54537.18750055341,-66304.27866752588,9914.741695321345,-151.3203387336731,99.96528086213816,-0.08534544835627983
54525.081873454714,-66296.28144505691,9914.734867685476,-152.47422430359404,101.58162433148271,0.07465455164372017
54512.88393551043,-66288.1549151104,9914.740840049608,-152.6601103537279,102.04821769107384,-0.08534544835627983
54500.67112668213,-66279.99105769511,9914.734012413739,-153.35840291844255,103.86396893895238,0.07465455164372017
54488.40245444865,-66271.68194017999,9914.73998477787,-153.50054873716124,105.80675811717428,-0.08534544835627983
54476.12241054968,-66263.21739953061,9914.733157142002,-153.84595573455934,106.66053114986181,0.07465455164372017
54463.81473409091,-66254.68455703862,9914.739129506133,-154.61964072610704,107.67814184726726,-0.08534544835627983
54451.445162832824,-66246.07030569084,9914.732301870265,-155.329757783702,108.95884495314861,0.07465455164372017
54439.01878221013,-66237.35359809459,9914.738274234396,-155.4523364183378,109.11665759158126,-0.08534544835627983
54426.58259529666,-66228.62426548726,9914.731446598527,-155.6033126309505,109.42373336796635,0.07465455164372017
54414.134330286186,-66219.87036681782,9914.737418962659,-156.5416785120443,111.46287862338778,-0.08534544835627983
54401.61099600522,-66210.95333652795,9914.73059132679,-157.44190537149785,112.49422252301453,0.07465455164372017
54389.0156435755,-66201.95379872611,9914.736563690922,-157.534166889399,112.61235835036139,-0.08534544835627983
54376.412910224346,-66192.94481005808,9914.729736055053,-157.8049233679756,112.89957283292087,0.07465455164372017
54363.78851635491,-66183.91284423144,9914.735708419184,-159.44184600321404,114.21952270146491,-0.08534544835627983
54351.03316867465,-66174.77528241533,9914.728880783316,-160.3469052175713,115.4331141230427,0.07465455164372017
54338.205416257246,-66165.54063328549,9914.734853147447,-160.9642893516123,117.02588449055078,-0.08534544835627983
54325.32827310912,-66156.17856252624,9914.728025511578,-161.14836942757853,117.94850031020952,0.07465455164372017
54312.43640355491,-66146.74268250143,9914.73399787571,-161.66695047676615,119.24401476213703,-0.08534544835627983
54299.503047516766,-66137.20316132046,9914.727170239841,-161.89937134544283,121.42251902815048,0.07465455164372017
54286.55109780913,-66127.4893597982,9914.733142603973,-161.60759457043557,123.63686838645465,-0.08534544835627983
54273.6224902435,-66117.59841032728,9914.726314968104,-161.72919314923578,124.63825779712332,0.07465455164372017
54260.68415479156,-66107.62734970351,9914.732287332236,-161.74706648497968,124.91064268949542,-0.08534544835627983
54247.74438947276,-66097.63449828836,9914.725459696367,-161.75784340548452,127.0940518594604,0.07465455164372017
54234.80376200032,-66087.4669741396,9914.731432060498,-162.11112531919537,129.43319704519064,-0.08534544835627983
54221.83487197479,-66077.11231837599,9914.72460442463,-161.8441366209977,131.45688021186365,0.07465455164372017
54208.887341045105,-66066.59576795904,9914.730576788761,-161.64798774157552,132.85185216688848,-0.08534544835627983
54195.955502025776,-66055.96761978569,9914.723749152892,-161.3933050569494,133.79408428291578,0.07465455164372017
54183.04403762122,-66045.26409304305,9914.729721517024,-161.1296721455758,135.63892252001534,-0.08534544835627983
54170.153663849575,-66034.41297924145,9914.722893881155,-161.24794699006466,136.96521978744917,0.07465455164372017
54157.25382809037,-66023.45576165845,9914.728866245287,-161.45373647372736,137.75341770270563,-0.08534544835627983
54144.33752917247,-66012.43548824223,9914.722038609418,-161.4879607276908,138.95821446897605,0.07465455164372017
54131.41849231426,-66001.31883108472,9914.72801097355,-161.24771396301023,140.0861817636582,-0.08534544835627983
54118.51867519722,-65990.11193654363,9914.72118333768,-161.21826622626895,140.6675118973643,0.07465455164372017
54105.62121389912,-65978.85853559185,9914.727155701812,-161.36599458253468,142.10727023506456,-0.08534544835627983
54092.71193433252,-65967.48995397304,9914.720328065943,-161.32880534985705,142.56471535013853,0.07465455164372017
54079.80562990453,-65956.08477674503,9914.726300430075,-161.56802569545164,144.5056661691443,-0.08534544835627983
54066.88018784889,-65944.52432345151,9914.719472794206,-161.5122521032153,146.20945048241464,0.07465455164372017
54053.95920768063,-65932.82756741291,9914.725445158338,-161.51657977316782,146.25281388309165,-0.08534544835627983
54041.03788129878,-65921.12734230226,9914.718617522469,-161.5782757811665,147.63438506039984,0.07465455164372017
54028.11161923628,-65909.31659149744,9914.7245898866,-161.20112650322375,149.80963531904786,-0.08534544835627983
54015.21552911602,-65897.33182067191,9914.717762250732,-161.07330900585163,151.09916663252878,0.07465455164372017
54002.329664395555,-65885.2438873413,9914.723734614863,-160.9534631299743,153.30929683903753,-0.08534544835627983
53989.45338734516,-65872.97914359419,9914.716906978994,-160.70340373978556,154.47443059431276,0.07465455164372017
53976.59711504597,-65860.62118914664,9914.722879343126,-160.45567175174543,154.92656145350483,-0.08534544835627983
53963.76066130583,-65848.22706423036,9914.716051707257,-159.48920371424046,156.17975286202923,0.07465455164372017
53951.001525008694,-65835.7326840014,9914.722024071389,-158.61438411537384,157.26813292618962,-0.08534544835627983
53938.31237427946,-65823.1512333673,9914.71519643552,-157.3531118146597,158.61910022940498,0.07465455164372017
53925.72412533429,-65810.46170534895,9914.721168799651,-157.12423514866117,158.77217116864415,-0.08534544835627983
53913.15418652239,-65797.75993165546,9914.714341163783,-156.96552205654677,158.91678004835055,0.07465455164372017
53900.59694475787,-65785.0465892516,9914.720313527914,-155.7013290475197,160.5963240755917,-0.08534544835627983
53888.14083843407,-65772.19888332555,9914.713485892045,-154.9291848773701,162.3324813209754,0.07465455164372017
53875.74650364388,-65759.21228481986,9914.719458256177,-154.21050241483707,163.7054997468045,-0.08534544835627983
53863.40966345069,-65746.11584484013,9914.712630620308,-153.90742403782514,164.1788401363794,0.07465455164372017
53851.09706952767,-65732.98153762921,9914.71860298444,-153.1404827284113,165.87207396138177,-0.08534544835627983
53838.8458309094,-65719.7117717123,9914.71177534857,-152.2652518705382,167.02578282264503,0.07465455164372017
53826.664610759755,-65706.3497090865,9914.717747712702,-151.85971569602552,167.5450309498413,-0.08534544835627983
53814.515833504076,-65692.94610661051,9914.710920076834,-151.82276307302496,167.58945201443618,0.07465455164372017
53802.37001245823,-65679.53895044937,9914.716892440965,-150.87265283642415,168.23991193849585,-0.08534544835627983
53790.300200231315,-65666.07975749428,9914.710064805096,-149.2491830476497,169.5785002505502,0.07465455164372017
53778.3602655875,-65652.51347747425,9914.716037169228,-148.23685643910693,170.54019023642834,-0.08534544835627983
53766.50131707237,-65638.87026225534,9914.70920953336,-147.94977951824492,170.81437281151955,0.07465455164372017
53754.66533471091,-65625.20511243041,9914.71518189749,-147.7049708614316,171.24298614738223,-0.08534544835627983
53742.84893704199,-65611.50567353862,9914.708354261622,-146.59619261429458,172.84208772903682,0.07465455164372017
53731.12124163285,-65597.67830652029,9914.714326625754,-145.42739748839782,174.3329652436197,-0.08534544835627983
53719.48704983378,-65583.7316693008,9914.707498989885,-144.42430457908154,175.07729675896064,0.07465455164372017
53707.93310546745,-65569.72548556009,9914.713471354016,-143.591943688395,175.6325065057041,-0.08534544835627983
53696.44574997238,-65555.67488503964,9914.706643718147,-142.72088557764596,176.2468654866411,0.07465455164372017
53685.02807912617,-65541.57513580071,9914.712616082279,-142.07080858804594,176.66935144038013,-0.08534544835627983
53673.662414439124,-65527.441587685484,9914.70578844641,-140.54941199319188,177.55793672758838,0.07465455164372017
53662.41846147967,-65513.23695274728,9914.711760810542,-139.9653082846834,178.10266340074025,-0.08534544835627983
53651.22123681689,-65498.98873967522,9914.704933174673,-139.0426967167645,178.7538639362509,0.07465455164372017
53640.09782107955,-65484.688430560316,9914.710905538805,-137.85487109996777,179.14229700914052,-0.08534544835627983
53629.06943139155,-65470.35704679958,9914.704077902936,-137.62562807596012,179.14521457420994,0.07465455164372017
53618.059381145475,-65456.02542963364,9914.710050267067,-137.3607592519916,179.07968998877809,-0.08534544835627983
53607.070520405316,-65441.69905443454,9914.703222631199,-135.77359590234863,178.2775019519995,0.07465455164372017
53596.20863273313,-65427.43685427838,9914.70919499533,-135.60200984976012,178.24665603898632,-0.08534544835627983
53585.36047194515,-65413.177121795256,9914.702367359461,-134.14741373039575,177.698151360104,0.07465455164372017
53574.62867884672,-65398.96126968645,9914.708339723593,-132.71744452963097,177.3396920526935,-0.08534544835627983
53564.01128328435,-65384.77409432223,9914.701512087724,-132.23232962498716,177.27816275576674,0.07465455164372017
53553.43269691435,-65370.59184130177,9914.707484451856,-131.5819661185031,177.17332492776475,-0.08534544835627983
53542.90613962487,-65356.41797530755,9914.700656815987,-130.8452427683372,176.8997063825661,0.07465455164372017
